# score = 0.8110574191586024
2384422
2290341
390915
854118
1507484
787388
467942
18021
942510
2157849
827234
1606086
1559145
1059707
2048188
274051
54721
2204549
1781596
1738125
2041966
1787799
48903
869202
1806005
1256422
1604754
2333451
569341
334647
1584643
2166607
1907970
1675435
1650781
1024404
2451933
2128651
1512240
2312276
2047573
1071927
1118725
2102013
666550
313731
701349
2452566
855666
1554578
1511561
1911619
2048493
2336668
860314
1634002
727632
703834
1256054
1492906
2462613
1374413
1215064
1482905
1616609
1837636
1422545
1791200
649013
41305
1596634
857512
143072
1606556
360256
899712
2210138
244277
2235586
2390777
1006396
1240624
1339515
1212700
276807
1309556
2039900
1688838
105083
1509326
1963527
386964
729815
2112606
806505
47672
2447818
1872557
1544325
19141
2369172
1238168
2156136
2269669
167269
27942
142660
742283
2047201
28217
1228497
484341
895399
28050
1725715
256678
1648241
468421
2203279
878276
1563536
1676381
68895
253991
1181289
96965
1991175
147116
285685
192352
1455510
1207987
1701638
422235
1662875
104909
649052
2222479
2332994
1491360
1880489
390662
719866
2358004
384878
1675001
1891024
1044486
1065503
2242732
975647
453243
2394961
1262200
1265339
1406666
1034050
823430
254549
1176865
1335993
1228288
2338617
1160768
893950
161209
1892306
1484112
744856
1156880
98574
2432849
671124
1581931
1272468
1869323
118046
1563735
948815
705731
1091534
1278395
1390685
1215721
1289449
832845
742533
282452
1903085
260059
2364927
798082
1866810
273792
258658
1414737
1905908
724770
2127786
342898
2163211
663099
389859
971513
1214365
616464
2382864
1510969
765742
658596
1769915
1464186
1918579
1739874
706495
1676811
877774
221902
566278
724487
1444870
1158944
770029
1528467
1489667
830954
1675348
1124096
2271525
702448
1126702
2338448
125364
2139788
125303
1169490
555144
753962
1352164
2144164
1109280
1798984
1423872
2349682
388831
1599401
1597041
2374000
517836
2212926
1036651
493575
1626357
1965316
393404
2302223
188804
2003626
950162
2357192
1064265
2434508
294240
870615
562525
29523
162805
1668061
357840
2014375
146231
1465958
847962
1680483
1599811
327945
588200
1692312
190589
593757
1630740
2465114
646942
1266531
336947
1306540
482248
16869
1527354
1631148
2346174
928200
1239008
1533546
2215968
56711
681315
1219575
574621
949793
485679
1241285
1388597
1123747
323658
1112380
43570
1087135
622340
212201
1472255
1135849
64900
25458
2127952
1006402
1807123
2165020
579318
2022141
848447
2168855
653886
1338086
1013261
1487202
1507155
1372026
1959851
623615
2463512
1796377
2396620
2458702
1559743
891823
204150
2158414
2161927
1530986
827744
779143
312828
725353
2300689
264706
1672281
2040203
2245102
2152974
1226890
2173682
675645
424038
1630059
469258
1457146
1308099
34939
677710
628858
1610181
15437
1282324
695475
302045
550095
1148849
186180
1641055
442720
2286798
1858234
1660239
1086308
1687515
2310825
2186975
176529
1385690
854223
369600
1762999
885093
2328982
462890
377000
952920
2137064
517758
2071605
1920053
2327150
2011613
2185644
2428383
639770
1667279
1611674
2449842
137343
1883666
1772594
2095524
1307747
1129861
581425
1555696
2337397
65068
11942
1662015
1603866
1591458
422140
612826
688827
2268702
1442346
900608
361870
931628
428307
463751
1084165
1599428
662216
180516
1386768
1142019
2457011
126700
1191520
2042452
828756
82828
717233
1443881
2279469
2113616
1729431
234670
2383903
93662
1291041
2393343
2284783
1012063
2367695
541222
297808
238708
305698
649007
2355019
748003
190829
1332853
1187348
1935856
232777
2245841
863738
1599390
2003345
1368575
1509730
712251
1037428
485026
681523
122021
725557
1619891
654679
1953312
449733
374095
2374838
935196
474782
2274210
499847
1561393
1335407
397243
2438901
313395
845132
1869017
1073188
2264165
2092259
2434870
2060904
1451877
1265375
467536
225549
758392
183244
1863222
1365930
59931
508410
1096618
1705138
847507
1648308
771935
842693
2284460
691558
490681
104743
971433
693442
1862142
2261799
175488
1162291
1268418
2077353
342441
2461486
57448
1657785
2325437
92099
792412
2021207
375599
2089990
922717
1960837
2053065
2298830
1341429
719318
769262
1135716
2447090
1994876
1167928
2435931
238114
1311741
2319946
816418
1250205
1229061
366540
1233770
711623
1793676
649045
1465402
1651221
927770
114939
26837
1363331
1316026
1359614
90341
1143217
1981694
1161698
1804954
98753
534541
502322
630147
1023280
1121211
1415676
535819
1796078
1755067
2214175
2100500
2407777
2433479
1803322
2251954
2204387
374377
192739
1190185
1771834
2088786
1132718
2368524
1717700
1535881
1681094
350006
1617718
639192
1131422
1146842
66461
108645
887290
53297
1656853
32732
1568775
2316753
467478
809130
1094216
2014720
47271
639070
959956
1584832
422103
2060089
893810
1170314
1917068
1424110
952986
587416
905294
1572740
244924
1939667
1284013
782508
1216896
1546197
334023
634
1119770
2397160
861590
1439852
1503589
1003407
2052065
2093984
553992
1409596
1890534
348107
1689785
417428
1451982
1740089
1177568
2264969
1365917
1257448
224904
1067248
926669
1455671
542096
2135026
892966
2133301
2336363
1176813
817072
452694
1980519
378082
838981
601390
1285220
852378
2223285
640348
2141336
1741367
2334432
105302
1346552
418633
1667300
1044416
1941432
117136
1767756
1442715
1907391
606591
1290819
1428035
391753
1543727
746266
2209974
1005380
853751
2439358
386564
761927
1866551
1524481
846971
707015
349984
507177
1894587
1505623
1362443
563724
2050992
1304967
248853
354995
1320200
90216
1890340
1018499
1805191
997272
1746116
1187626
1161467
947335
1662036
989116
1217601
1653496
548599
1068713
1005366
664868
1512314
1060257
1150228
378819
1315860
500598
129082
378130
1534723
572655
1699484
1458822
1837500
2149100
2236497
1187793
101234
2093600
695783
1060251
704890
298296
1686141
1802680
873072
53941
2367777
814489
1671806
451385
138302
1625984
344629
552747
2233989
955632
137556
2284217
1532993
467661
1867584
2424435
597429
402637
2245421
157133
2148216
2050851
1827289
1698271
883154
2069128
962469
108402
102708
1187719
769031
779224
1753784
264887
2080818
225378
1535351
2370524
796
1258385
1830323
1007925
1370692
425856
2168206
1430806
2358694
205355
2325856
1708523
8219
190656
1129204
1247630
437410
1252598
1503806
1566853
1232859
145483
9918
2413305
932678
1042040
391333
1783352
1461121
1459296
799690
2444082
1903427
564415
57710
941100
1653754
2343547
318519
186598
854425
1881393
1927921
860151
1463690
2356688
2137771
1149234
2018635
126757
110217
17806
1353066
613148
1563186
704049
77191
2010906
1429765
254645
1471766
1970975
889162
603752
1536231
1661312
4874
8670
628601
1627441
1410528
485791
73848
1013265
2110824
806094
1405357
2146306
1314785
449282
2017995
268450
1914328
117103
295967
2168612
407812
1508782
1838709
209089
2174269
170215
998157
1996497
70238
1435507
305073
1897658
1093259
1366821
362103
716311
2156099
18279
701004
363500
220300
562659
1791625
73072
1568903
1637003
1059352
461450
2409839
1759403
792603
1597562
265605
607135
1288370
806827
1948509
685699
1022614
1314426
2148902
1792643
1039017
1965063
1955844
2200008
1091675
891235
1151768
1106217
1063042
1022958
536878
577026
1583357
191273
2027004
568058
423572
313057
787082
1689320
2160594
135014
510235
2255343
1704453
1983941
1244211
509252
1780335
1564166
2091218
378682
1555711
146549
1642832
372500
2429937
1773408
994201
1282868
1854121
2204506
1525256
816321
159150
280160
387765
1475452
1324680
2186114
310411
2000112
1396861
1224492
1066767
645992
1152795
726398
1380341
2433593
194773
1374478
661282
418116
400858
2348601
1377188
248107
2065798
137994
851462
1435238
230180
1633427
212199
1847536
1720082
1131605
843349
2245875
1539681
1124625
265898
2189542
643804
1902295
1323383
2281067
855737
1276273
1746306
777262
546887
597721
677999
1578364
1063928
278716
2018147
1995168
519628
2031709
1296196
1967685
165687
1931517
1883392
1988877
498989
2201805
2043783
1981220
1740260
1052878
401898
545908
596545
1523079
1502405
1967425
526855
934285
1019773
2315969
2229897
1781537
330841
2167424
833111
951877
2441212
83663
739958
167644
1080439
1344050
1128202
271091
99202
314891
339665
345420
804416
425658
2131247
1934165
2312275
312041
1100883
355045
732291
839372
797108
2141323
261313
402202
1001224
170438
500944
602272
883306
1805589
1206614
1333349
1715340
1308359
1733897
1331167
1076292
1111196
738712
957598
813364
1762754
1828960
1949810
1301221
825925
28963
2269607
298523
2026950
633437
1575721
289455
2249721
2321292
2259445
2135576
2311422
1295394
29793
795765
423392
2158611
2441912
364483
1045595
569412
144525
2076697
2123976
1810611
718170
1051524
2039956
587691
601336
1164597
1352940
2209479
1229539
1620748
119145
1490324
649303
1967636
30319
1293255
55806
1512770
393884
659621
2364444
164614
1594790
1349009
64832
2224480
983695
1267701
650122
937126
1155745
1229618
939731
890317
1246249
1011121
1372599
1891098
2144910
2346965
115167
1934571
725415
2096836
1291649
1853546
2448533
1606505
2269693
894131
557362
1370457
2211600
747746
2213690
321895
1180612
2337104
1441578
1346775
1231789
1788588
1850389
1377999
2418195
758984
989899
655440
2211956
486474
1474869
372053
98680
2447359
159721
1680799
1222432
2119381
513781
183050
1177097
2397195
977101
345591
1280280
2362103
1851291
1521446
1987825
195887
1864704
1782829
1306524
1164610
975241
1116167
1603942
1048794
2171586
115461
1996617
1180690
786559
2413588
484635
1383665
265792
1477036
21665
2064057
1698131
1806388
1840711
967820
1942365
409709
1510612
619931
328766
162926
1858732
1853920
843020
1015357
1922928
630486
885470
1115870
1203776
1244538
68693
1855473
1141814
34225
968493
268599
2223222
1791534
370029
1762538
1503110
2046685
1599138
321518
1093096
1337523
2252657
143913
527600
401486
216692
673684
2124194
796515
2103251
1380879
660000
1855598
1099477
2022306
1542872
284766
1587937
1195779
2386078
2464958
172578
2142160
412272
1084424
1121522
1132365
1583513
798930
1781796
2286897
379461
627050
1304843
1762429
1722328
1789461
1230727
223635
72700
1026170
2311447
1090434
1978299
2274385
2062824
401578
4074
1401765
122825
1481890
2222167
1063144
1306746
1168100
992916
915264
886330
361259
1363771
1217858
1265912
1968582
1168280
2388549
847217
2261680
254791
1474953
1745573
1439695
284691
1200245
250911
1419189
40853
518828
998511
1538825
1933133
1108224
996821
1527304
349962
1854814
1660146
445554
1562031
1284469
882159
29925
2422251
404257
492552
753801
436275
280417
1812714
2015977
105507
2443975
2372741
84328
350517
1940608
1798160
2391529
2282789
122930
164179
1773024
880314
1519880
699933
1861277
1978202
2219705
2182270
333816
1461926
1392243
2326330
43981
2060258
234194
1205156
1646046
1911341
2287087
1957570
1099020
1868488
380012
2352921
2256094
1992788
559012
1078571
364763
1643606
190242
1254272
188210
2050983
1673044
441750
270799
658580
892901
1747439
2077971
792905
611646
1339411
1277364
2065342
2375401
1385190
1696177
1148721
1530910
541499
1458535
834490
1858973
2295066
124280
2254067
526067
1122217
114220
20751
2242029
1843309
1024621
1924295
1912225
2289243
1796739
1582196
773848
951133
175847
2349829
2337026
16404
2420764
363701
878981
579920
1790289
2357176
2058331
1947542
30030
400801
678412
2005419
1796857
1176204
878666
591440
857667
1165736
2364426
2454089
266457
2418521
2450560
684890
2164833
1053130
1041294
1671787
1844838
1488344
979113
1362522
1657864
2182226
1170146
490242
1960174
468425
1773421
739030
755879
864620
2384951
1831828
937989
2053576
1499518
969754
1209182
361958
471492
931554
116767
2068477
1297516
597655
15660
2426550
1467747
924218
262503
2135332
1681246
1261969
867680
2217006
1232015
1701918
175348
1219049
1289413
156155
1381335
2393019
2056697
2302680
1817838
383000
1570781
2423207
274741
1855064
1605738
2315895
738232
370980
270287
1160789
1988817
1248886
2464860
1175192
1882049
1226136
675249
1539405
1548607
849355
533840
1736597
617526
416009
474362
13539
418276
2445868
583113
1830542
2146367
844428
2127603
1829963
526478
840417
774216
965773
1773225
1737252
663154
1533935
1721426
1977586
7829
2466480
988924
843273
2406626
1488667
325400
285599
1896528
805248
690371
1614462
173079
2034730
1541267
2379780
2267875
408878
2227797
790282
2243129
820061
1541705
725862
285822
1002706
1971237
1447602
1090623
2209626
1542144
432116
2087346
1057210
480134
157725
401637
2413885
332323
1530642
100645
291266
980528
997081
1208330
1185386
421398
1913887
958507
1235761
2049672
412722
273709
637178
2348560
475305
283438
2222509
2409344
1555854
1045694
2026117
1278326
554364
756925
585176
2354837
597757
2255322
597353
854342
1228681
675407
975923
894770
2036964
2391209
524625
1555166
2332124
1695562
1482963
78709
191888
1990399
2333946
1736413
1136649
1468800
2446136
1803203
1993256
2364067
360920
1401789
1179465
788321
293152
805537
2251962
48362
2003633
2226789
2327210
540563
1812567
734389
101992
482119
1536342
77772
1906046
1821620
1583104
73286
2209461
378535
1309795
723332
1075484
1738179
823990
2139400
987880
246281
554799
1538418
1932114
1997551
2013393
321441
2163132
1344505
350443
1281876
238858
2105738
61208
425707
1734256
1887748
2452172
1838561
1241871
1254824
1493037
1348265
1616148
906686
1505141
400166
1558188
2443655
1113490
2363101
2305430
507693
2049825
1578616
556354
1367303
36726
247458
538719
1282016
548263
2263019
1657933
1555552
824605
2172992
1750675
1864529
977865
1082322
436310
1999602
2327725
374810
671714
1261479
2025847
2093549
1521934
171628
883206
2115911
1761540
267241
2177748
2169536
100763
1387108
820199
1251953
1174721
1963089
2343962
1531202
94157
2458108
1439283
1190997
2317267
1069745
2199788
319926
875353
1739737
728417
1446177
1363338
1914319
2352833
492491
2290975
2098695
2229918
839161
1545216
2334519
359799
2340517
494491
1729994
253916
1631919
881738
2248724
2346303
2348524
1564578
1259562
2463460
729298
2433202
1786791
2326627
2430357
183352
2420403
1418321
1979584
15543
1515714
2227952
1679983
2210439
67724
1347327
2248521
1087112
1003032
2422458
161294
229821
1010105
120983
498948
542471
702116
2221758
2049393
294664
809589
419409
929271
971851
1910472
730933
160380
401956
2367461
1328457
2420242
2243539
1060014
258185
840398
1972643
2306184
1427919
1266821
854155
848794
2144537
2021383
208545
986159
389425
1640907
779389
854097
150559
688837
938915
1663094
574031
2045665
30301
761161
2111430
1939515
1045289
2194369
1174353
1723670
2029813
1174607
118196
2226635
1671784
1742873
1945038
954233
924660
204212
1200047
568112
1851283
912529
2250492
227749
761971
1668706
2015425
622508
1236742
2173785
1848080
687337
1912280
1237348
1552501
1674867
146459
1397329
608097
1045471
2090267
1465452
1344191
5815
2315781
825336
728100
797678
375772
566970
1866494
1161405
540870
140230
849683
1395794
255134
1965171
1826595
2375088
1288063
2079053
1599455
124694
331895
1597007
915825
290513
1680525
693383
2085455
1946558
1871427
1748326
134425
914659
1272750
39671
1661441
1690480
197873
2207789
96570
1597598
2015213
122328
1980030
259799
1310757
869138
368498
27717
1974452
2199867
1339064
913108
936584
1459319
377018
1738218
1534070
532357
1563220
1636943
952409
1012055
99798
1768336
2363694
880931
2462429
2248666
1830343
736725
937522
48351
940329
211725
149696
765922
615504
